%YAML:1.0
ymin: 70
ymax: 494
xmin: 99
xmax: 525
L: .088
