%YAML:1.0
ymin: 0
ymax: 960
xmin: 0
xmax: 1280
L: .088
