%YAML:1.0
coil1x: 94
coil1y: 273
coil2x: 326
coil2y: 37
coil3x: 547
coil3y: 258
coil4x: 328
coil4y: 501
coilavgx: 323.
coilavgy: 267.
dist13: 4.5324827633428458e+02
dist24: 4.6400431032480719e+02
pix2m: 8.0460753215709797e+00
d: 57.
