%YAML:1.0
coil1x: 86
coil1y: 265
coil2x: 317
coil2y: 30
coil3x: 539
coil3y: 246
coil4x: 322
coil4y: 488
coilavgx: 316.
coilavgy: 257.
dist13: 4.5339827966149142e+02
dist24: 4.5802729176327472e+02
pix2m: 7.9949611528488251e+00
d: 57.
