%YAML:1.0
coilavgx: 335.
coilavgy: 256.
pix2m: 4.5779423203501857e+00
d: 5.7500000000000000e+01
rectd: 7.5200000000000003e+01
pt0x: 148
pt0y: 84
pt1x: 166
pt1y: 66
pt2x: 504
pt2y: 63
pt3x: 522
pt3y: 80
pt4x: 525
pt4y: 431
pt5x: 506
pt5y: 449
pt6x: 163
pt6y: 446
pt7x: 146
pt7y: 429
