%YAML:1.0
xgoal: -3.0
ygoal: -6.0
kx: 10.0
kv: 0.02
ki: 1.0
xgoal2: 3.0
ygoal2: 15.0
kx2: 10.0
kv2: 0.02
ki2: 1.0
