%YAML:1.0
xgoal: 0.0
ygoal: 0.0
kx: 1.
kv: 0.
ki: 0.
xgoal2: 0.0
ygoal2: 0.0
kx2: 1.
kv2: 0.
ki2: 0.
