%YAML:1.0
xgoal: 0.0
ygoal: 0.0
kx: .6
kv: 0.
ki: 0.
xgoal2: 0.0
ygoal2: 0.0
kx2: .6
kv2: 0.
ki2: 0.
