%YAML:1.0
coilavgx: 6.2325000000000000e+02
coilavgy: 4.5725000000000000e+02
pix2m: 2.0702968134593650e+01
d: 15.
ddiag: 2.1213203435596427e+01
pt0x: 320
pt0y: 144
pt1x: 928
pt1y: 140
pt2x: 930
pt2y: 778
pt3x: 315
pt3y: 767
